1 0 -0.3000 0.6000
2 0 -0.1586 0.5414
3 0 -0.1000 0.4000
4 0 -0.1586 0.2586
5 0 -0.3000 0.2000
6 0 -0.4414 0.2586
7 0 -0.5000 0.4000
8 0 -0.4414 0.5414

9 5 -0.3000 0.6000
10 5 -0.1586 0.5414
11 5 -0.1000 0.4000
12 5 -0.1586 0.2586
13 5 -0.3000 0.2000
14 5 -0.4414 0.2586
15 5 -0.5000 0.4000
16 5 -0.4414 0.5414


17 0 0.3000 0.6000
18 0 0.4414 0.5414
19 0 0.5000 0.4000
20 0 0.4414 0.2586
21 0 0.3000 0.2000
22 0 0.1586 0.2586
23 0 0.1000 0.4000
24 0 0.1586 0.5414


25 5 0.3000 0.6000
26 5 0.4414 0.5414
27 5 0.5000 0.4000
28 5 0.4414 0.2586
29 5 0.3000 0.2000
30 5 0.1586 0.2586
31 5 0.1000 0.4000
32 5 0.1586 0.5414


33 0 0.5000 0.1000
34 0 0.6414 0.0414
35 0 0.7000 -0.1000
36 0 0.6414 -0.2414
37 0 0.5000 -0.3000
38 0 0.3586 -0.2414
39 0 0.3000 -0.1000
40 0 0.3586 0.0414

41 5 0.5000 0.1000
42 5 0.6414 0.0414
43 5 0.7000 -0.1000
44 5 0.6414 -0.2414
45 5 0.5000 -0.3000
46 5 0.3586 -0.2414
47 5 0.3000 -0.1000
48 5 0.3586 0.0414

49 0 -0.5000 0.1000
50 0 -0.3586 0.0414
51 0 -0.3000 -0.1000
52 0 -0.3586 -0.2414
53 0 -0.5000 -0.3000
54 0 -0.6414 -0.2414
55 0 -0.7000 -0.1000
56 0 -0.6414 0.0414

57 5 -0.5000 0.1000
58 5 -0.3586 0.0414
59 5 -0.3000 -0.1000
60 5 -0.3586 -0.2414
61 5 -0.5000 -0.3000
62 5 -0.6414 -0.2414
63 5 -0.7000 -0.1000
64 5 -0.6414 0.0414

65 0 0.3000 -0.4000
66 0 0.4414 -0.4586
67 0 0.5000 -0.6000
68 0 0.4414 -0.7414
69 0 0.3000 -0.8000
70 0 0.1586 -0.7414
71 0 0.1000 -0.6000
72 0 0.1586 -0.4586

73 5 0.3000 -0.4000
74 5 0.4414 -0.4586
75 5 0.5000 -0.6000
76 5 0.4414 -0.7414
77 5 0.3000 -0.8000
78 5 0.1586 -0.7414
79 5 0.1000 -0.6000
80 5 0.1586 -0.4586


81 0 -0.3000 -0.4000
82 0 -0.1586 -0.4586
83 0 -0.1000 -0.6000
84 0 -0.1586 -0.7414
85 0 -0.3000 -0.8000
86 0 -0.4414 -0.7414
87 0 -0.5000 -0.6000
88 0 -0.4414 -0.4586

89 5 -0.3000 -0.4000
90 5 -0.1586 -0.4586
91 5 -0.1000 -0.6000
92 5 -0.1586 -0.7414
93 5 -0.3000 -0.8000
94 5 -0.4414 -0.7414
95 5 -0.5000 -0.6000
96 5 -0.4414 -0.4586




100 5 -1.5 -0.9
101 5 -0.9 -1.1
102 5 0.9 -1.1
103 5 1.5 -0.9
104 5 1.5 0.9
105 5 0.9 1
106 5 -0.9 1
107 5 -1.5 0.9


108 7 -1.5 -0.9
109 7 -0.9 -1.1
110 7 0.9 -1.1
111 7 1.5 -0.9
112 7 1.5 0.9
113 7 0.9 1
114 7 -0.9 1
115 7 -1.5 0.9

116 5 0.0000 -1.1000
117 5 0.7500 -1.3010
118 5 1.2990 -1.8500
119 5 1.5000 -2.6000
120 5 1.2990 -3.3500
121 5 0.7500 -3.8990
122 5 0.0000 -4.1000
123 5 -0.7500 -3.8990
124 5 -1.2990 -3.3500
125 5 -1.5000 -2.6000
126 5 -1.2990 -1.8500
127 5 -0.7500 -1.3010


128 6 0.0000 -1.1000
129 6 0.7500 -1.3010
130 6 1.2990 -1.8500
131 6 1.5000 -2.6000
132 6 1.2990 -3.3500
133 6 0.7500 -3.8990
134 6 0.0000 -4.1000
135 6 -0.7500 -3.8990
136 6 -1.2990 -3.3500
137 6 -1.5000 -2.6000
138 6 -1.2990 -1.8500
139 6 -0.7500 -1.3010



140 5.4 0.5 1.6
141 5.4 0.5 1
142 5.6 0.5 1 
143 5.6 0.5 1.6
144 5.4 -0.5 1.6
145 5.4 -0.5 1
146 5.6 -0.5 1.6
147 5.6 -0.5 1

148 0.7 0.0000 1.0000
149 0.7 0.5878 0.8090
150 0.7 0.9511 0.3090
151 0.7 0.9511 -0.3090
152 0.7 0.5878 -0.8090
153 0.7 0.0000 -1.0000
154 0.7 -0.5878 -0.8090
155 0.7 -0.9511 -0.3090
156 0.7 -0.9511 0.3090
157 0.7 -0.5878 0.8090

158 1 0.0000 1.0000
159 1 0.5878 0.8090
160 1 0.9511 0.3090
161 1 0.9511 -0.3090
162 1 0.5878 -0.8090
163 1 0.0000 -1.0000
164 1 -0.5878 -0.8090
165 1 -0.9511 -0.3090
166 1 -0.9511 0.3090
167 1 -0.5878 0.8090

168 4 0.0000 1.0000
169 4 0.5878 0.8090
170 4 0.9511 0.3090
171 4 0.9511 -0.3090
172 4 0.5878 -0.8090
173 4 0.0000 -1.0000
174 4 -0.5878 -0.8090
175 4 -0.9511 -0.3090
176 4 -0.9511 0.3090
177 4 -0.5878 0.8090

178 3.7 0.0000 1.0000
179 3.7 0.5878 0.8090
180 3.7 0.9511 0.3090
181 3.7 0.9511 -0.3090
182 3.7 0.5878 -0.8090
183 3.7 0.0000 -1.0000
184 3.7 -0.5878 -0.8090
185 3.7 -0.9511 -0.3090
186 3.7 -0.9511 0.3090
187 3.7 -0.5878 0.8090


720 5 0 -0.05
721 0 0 -0.05

722 5.5 0 1.6
723 5.5 0 -4.1

Faces:
1 2 3 4 5 6 7 8.
8 7 6 5 4 3 2 1.

9 10 11 12 13 14 15 16.
16 15 14 13 12 11 10 9.

1 9 10 2.
2 10 9 1.

2 10 11 3.
3 11 10 2.

3 11 12 4.
4 12 11 3.

4 12 13 5.
5 13 12 4.

5 13 14 6.
6 14 13 5.

6 14 15 7.
7 15 14 6.

7 15 16 8.
8 16 15 7.

9 1 8 16.
16 8 1 9.

17 18 19 20 21 22 23 24.
24 23 22 21 20 19 18 17.

25 26 27 28 29 30 31 32.
32 31 30 29 28 27 26 25.

17 25 26 18.
18 26 25 17.

18 26 27 19.
19 27 26 18.

19 27 28 20.
20 28 27 19.

20 28 29 21.
21 29 28 20.

21 29 30 22.
22 30 29 21.

22 30 31 23.
23 31 30 22.

23 31 32 24.
24 32 31 23.

25 17 24 32.
32 24 17 25.

33 34 35 36 37 38 39 40.
40 39 38 37 36 35 34 33.

41 42 43 44 45 46 47 48.
48 47 46 45 44 43 42 41.

33 41 42 34.
34 42 41 33.

34 42 43 35.
35 43 42 34.

35 43 44 36.
36 44 43 35.

36 44 45 37.
37 45 44 36.

37 45 46 38.
38 46 45 37.

38 46 47 39.
39 47 46 38.

39 47 48 40.
40 48 47 39.

41 33 40 48.
48 40 33 41.

49 50 51 52 53 54 55 56.
56 55 54 53 52 51 50 49.

57 58 59 60 61 62 63 64.
64 63 62 61 60 59 58 57.

49 57 58 50.
50 58 57 49.

50 58 59 51.
51 59 58 50.

51 59 60 52.
52 60 59 51.

52 60 61 53.
53 61 60 52.

53 61 62 54.
54 62 61 53.

54 62 63 55.
55 63 62 54.

55 63 64 56.
56 64 63 55.

57 49 56 64.
64 56 49 57.

65 66 67 68 69 70 71 72.
72 71 70 69 68 67 66 65.

73 74 75 76 77 78 79 80.
80 79 78 77 76 75 74 73.

65 73 74 66.
66 74 73 65.

66 74 75 67.
67 75 74 66.

67 75 76 68.
68 76 75 67.

68 76 77 69.
69 77 76 68.

69 77 78 70.
70 78 77 69.

70 78 79 71.
71 79 78 70.

71 79 80 72.
72 80 79 71.

73 65 72 80.
80 72 65 73.

81 82 83 84 85 86 87 88.
88 87 86 85 84 83 82 81.

89 90 91 92 93 94 95 96.
96 95 94 93 92 91 90 89.

81 89 90 82.
82 90 89 81.

82 90 91 83.
83 91 90 82.

83 91 92 84.
84 92 91 83.

84 92 93 85.
85 93 92 84.

85 93 94 86.
86 94 93 85.

86 94 95 87.
87 95 94 86.

87 95 96 88.
88 96 95 87.

89 81 88 96.
96 88 81 89.




100 101 102 103 104 105 106 107.
107 106 105 104 103 102 101 100.

108 109 110 111 112 113 114 115.
115 114 113 112 111 110 109 108.



100 108 109 101.
101 109 108 100.

101 109 110 102.
102 110 109 101.

102 110 111 103.
103 111 110 102.

103 111 112 104.
104 112 111 103.

104 112 113 105.
105 113 112 104.

105 113 114 106.
106 114 113 105.

106 114 115 107.
107 115 114 106.

100 108 115 107.
107 115 108 100.

116 117 118 119 120 121 122 123 124 125 126 127.
127 126 125 124 123 122 121 120 119 118 117 116.

128 129 130 131 132 133 134 135 136 137 138 139.
139 138 137 136 135 134 133 132 131 130 129 128.

116 128 129 117.
117 129 128 116.

117 129 130 118.
118 130 129 117.

118 130 131 119.
119 131 130 118.

119 131 132 120.
120 132 131 119.

120 132 133 121.
121 133 132 120.

121 133 134 122.
122 134 133 121.

122 134 135 123.
123 135 134 122.

123 135 136 124.
124 136 135 123.

124 136 137 125.
125 137 136 124.

125 137 138 126.
126 138 137 125.

126 138 139 127.
127 139 138 126.

116 128 139 127.
127 139 128 116.

140 141 142 143.
143 142 141 140.

144 145 147 146.
146 147 145 144.

140 144 146 143.
143 146 144 140.


148 158 159 149.
149 159 158 148.

149 159 160 150.
150 160 159 149.

150 160 161 151.
151 161 160 150.

151 161 162 152.
152 162 161 151.

152 162 163 153.
153 163 162 152.

153 163 164 154.
154 164 163 153.

154 164 165 155.
155 165 164 154.

155 165 166 156.
156 166 165 155.

156 166 167 157.
157 167 166 156.

148 158 167 157.
157 167 158 148.



168 178 179 169.
169 179 178 168.

169 179 180 170.
170 180 179 169.

170 180 181 171.
171 181 180 170.

171 181 182 172.
172 182 181 171.

172 182 183 173.
173 183 182 172.

173 183 184 174.
174 184 183 173.

174 184 185 175.
175 185 184 174.

175 185 186 176.
176 186 185 175.

176 186 187 177.
177 187 186 176.

168 178 187 177.
177 187 178 168.

176 175 155 156.
156 155 175 176.

170 171 151 150.
150 151 171 170.
